,15,WHEAT,1,INP,,T,,Target,2511, WHEAT & PRODUCTS,
,16,FLOUR WHEAT,1,INP,OUT,B,,,,,
,17,BRAN WHEAT,1,INP,OUT,B,w=0,Target,2511, WHEAT & PRODUCTS,(cal.)
,18,MACARONI,1,,OUT,B,,,,,
,19,GERM WHEAT,1,,OUT,B,w=0,Target,2511, WHEAT & PRODUCTS,(cal.)
,20,BREAD,1,,OUT,B,,,,,
,21,BULGUR,1,,OUT,B,,,,,
,22,PASTRY,1,,OUT,B,,,,,
,23,"WHEAT,STARCH",1,INP,OUT,B,,,,,
,24,WHEAT GLUTEN,1,INP,OUT,B,w=0,Target,2511, WHEAT & PRODUCTS,(cal.)
,26,WHEAT FER BE,1,,OUT,T,,Target,2657," BEVERAGES, FERMENTED",
,27,"RICE, PADDY",1,INP,,T,,Target,2805, RICE & PROD (MILLED EQ.),
,28,"RICE,HUSKED",1,INP,OUT,B,,,,,
,29,MIL/HUS RICE,1,INP,OUT,B,,,,,
,31,MIL PAD RICE,1,INP,OUT,B,,,,,
,32,"RICE,BROKEN",1,INP,OUT,B,,,,,
,33,RICE GLUTEN,1,INP,OUT,B,w=0,Target,2805, RICE & PROD (MILLED EQ.),(cal.)
,34,"RICE,STARCH",1,INP,OUT,B,,,,,
,35,BRAN RICE,1,INP,OUT,B,w=0,Target,2805, RICE & PROD (MILLED EQ.),(cal.)
,36,OIL RICE BRN,1,INP,OUT,T,,Target,2581," RICE, BRAN OIL",
,37,CAKE RICEBRN,1,,OUT,T,w=0,Target,2598," OILSEEDS, OTHERS, CAKE",
,38,RICE FLOUR,1,INP,OUT,B,,,,,
,39,RICE FER BEV,1,,OUT,T,,Target,2657," BEVERAGES, FERMENTED",
,41,BREAKF CERLS,1,,OUT,B,,,,,
,44,BARLEY,1,INP,,T,,Target,2513, BARLEY & PRODUCTS,
,45,POT BARLEY,1,INP,OUT,B,,,,,
,46,"BARLEY,PEARL",1,,OUT,B,,,,,
,47,BRAN BARLEY,1,,OUT,B,w=0,Target,2513, BARLEY & PRODUCTS,(cal.)
,48,BARLEY FL GR,1,,OUT,B,,Target,2513, BARLEY & PRODUCTS,(cal.)
,49,MALT BARLEY,1,INP,OUT,B,,,,,
,50,MALT EXTRACT,1,INP,OUT,B,,,,,
,51,BEER BARLEY,1,,OUT,T,,Target,2656," BARLEY, BEER",
,56,MAIZE,1,INP,,T,,Target,2514, MAIZE & PRODUCTS,
,57,GERM MAIZE,1,INP,OUT,B,w=0,Target,2514, MAIZE & PRODUCTS,(cal.)
,58,FLOUR MAIZE,1,INP,OUT,B,,,,,
,59,BRAN MAIZE,1,INP,OUT,B,w=0,Target,2514,MAIZE & PRODUCTS,(cal.)
,60,OIL MAIZE,1,INP,OUT,T,,Target,2582,"MAIZE, GERM OIL",
,61,CAKE MAIZE,1,INP,OUT,T,,Target,2598,"OILSEEDS, OTHERS, CAKE",
,63,MAIZE GLUTEN,1,INP,OUT,B,w=0,Target,2514,MAIZE & PRODUCTS,(cal.)
,64,STARCH MAIZE,1,INP,OUT,B,,,,,
,66,BEER MAIZE,1,,OUT,T,,Target,2657,"BEVERAGES, FERMENTED",
,67,WHITE MAIZE,0,,,XXX,,,,,
,68,POP CORN,1,INP,,T,,Target,2520,"CEREALS,OTHERS &PRODUCTS",
,71,RYE,1,INP,,T,,Target,2515,RYE & PRODUCTS,
,72,FLOUR RYE,1,,OUT,B,,,,,
,73,BRAN RYE,1,,OUT,B,w=0,Target,2515,RYE & PRODUCTS,(cal.)
,75,OATS,1,INP,,T,,Target,2516,OATS & PRODUCTS,
,76,"OATS, ROLLED",1,,OUT,B,,,,,
,77,BRAN OATS,1,,OUT,B,w=0,Target,2516,OATS & PRODUCTS,(cal.)
,79,MILLET,1,INP,,T,,Target,2517,MILLET & PRODUCTS,
,80,FLOUR MILLET,1,,OUT,B,,,,,
,81,BRAN MILLET,1,,OUT,B,w=0,Target,2517,MILLET & PRODUCTS,(cal.)
,82,BEER MILLET,1,,OUT,T,,Target,2657,"BEVERAGES, FERMENTED",
,83,SORGHUM,1,INP,,T,,Target,2518,SORGHUM & PRODUCTS,
,84,FLOUR SORGHM,1,INP,OUT,B,,,,,
,85,BRAN SORGHUM,1,,OUT,B,w=0,Target,2518,SORGHUM & PRODUCTS,(cal.)
,86,BEER SORGHUM,1,,OUT,T,,Target,2657,"BEVERAGES, FERMENTED",
,89,BUCKWHEAT,1,INP,,T,,Target,2520,"CEREALS,OTHERS &PRODUCTS",
,90,FLOUR BUCKWH,1,,OUT,B,,,,,
,91,BRAN BUCKWHT,1,,OUT,B,w=0,Target,2520,"CEREALS,OTHERS &PRODUCTS",(cal.)
,92,QUINOA,1,INP,,T,,Target,2520,"CEREALS,OTHERS &PRODUCTS",
,94,FONIO,1,INP,,T,,Target,2520,"CEREALS,OTHERS &PRODUCTS",
,95,FLOUR FONIO,1,,OUT,B,,,,,
,96,BRAN FONIO,1,,OUT,B,w=0,Target,2520,"CEREALS,OTHERS &PRODUCTS",(cal.)
,97,TRITICALE,1,INP,,T,,Target,2520,"CEREALS,OTHERS &PRODUCTS",
,98,FLOUR TRITIC,1,,OUT,B,,,,,
,99,BRAN TRITICA,1,,OUT,B,w=0,Target,2520,"CEREALS,OTHERS &PRODUCTS",(cal.)
,101,CANARY SEED,1,INP,,T,,Target,2520,"CEREALS,OTHERS &PRODUCTS",
,103,MIXED GRAIN,1,INP,,T,,Target,2520,"CEREALS,OTHERS &PRODUCTS",
,104,FLOUR MIX GR,1,,OUT,B,,,,,
,105,BRAN MIX GR,1,,OUT,B,w=0,Target,2520,"CEREALS,OTHERS &PRODUCTS",(cal.)
,108,CEREALS NES,1,INP,,T,,Target,2520,"CEREALS,OTHERS &PRODUCTS",
,109,INFANT FOOD,1,,,XXX,,Target,2680,INFANT FOOD,
,110,WAFERS,1,,OUT,B,,,,,
,111,FLOUR CEREAL,1,,OUT,B,,,,,
,112,BRAN CEREAL,1,,OUT,B,w=0,Target,2520,"CEREALS,OTHERS &PRODUCTS",(cal.)
,113,CER PREP NES,1,,OUT,B,,,,,
,114,MIXES AND DO,1,,,XXX,,Target,2511,WHEAT & PRODUCTS,(cal.)
,115,FOOD PREP.FL,1,,,XXX,,Target,2511,WHEAT & PRODUCTS,(cal.)
,116,POTATOES,1,INP,,T,,Target,2531,POTATOES & PRODUCTS,
,117,FLOUR POTAT,1,INP,OUT,B,,,,,
,118,FROZ POTATOE,1,,OUT,B,,,,,
,119,POTATO STCH,1,INP,OUT,B,,,,,
+,120,POTATO OFFAL,1,,OUT,B,w=0,Target,,,
,121,POTATO TAP,1,,OUT,B,,,,,
,122,SWEET POTATO,1,INP,,T,,Target,2533,SWEET POTATOES,
,125,CASSAVA,1,INP,,T,,Target,2532,CASSAVA & PRODUCTS,
,126,FLOUR CASS,1,,OUT,B,,,,,
,127,CASSAVA TAP,1,,OUT,B,,,,,
,128,CASSAVA DR.,1,INP,OUT,B,,,,,
,129,CASSAVA STCH,1,INP,OUT,B,,,,,
,135,YAUTIA(COC.),1,INP,,T,,Target,2534,"ROOTS&TUBERS,OTH & PROD.",
,136,TARO,1,INP,,T,,Target,2534,"ROOTS&TUBERS,OTH & PROD.",
,137,YAMS,1,INP,,T,,Target,2535,YAMS,
,149,ROOTS TUB NS,1,INP,,T,,Target,2534,"ROOTS&TUBERS,OTH & PROD.",
,150,FLOUR RT TUB,1,,OUT,B,,,,,
,151,ROOTS TUB DR,1,,OUT,B,,,,,
,154,FRUCTOSE CHE,1,,,XXX,,Target,2543,"SWEETENERS, OTHER & PROD",
,155,MALTOSE CHEM,1,,,XXX,,Target,2543,"SWEETENERS, OTHER & PROD",
,156,SUGAR CANE,1,INP,,T,,Target,2536,SUGAR CANE,
,157,SUGAR BEETS,1,INP,,T,,Target,2537,SUGAR BEETS,
,158,CANE SUGAR,1,INP,OUT,F,,,,,
,159,BEET SUGAR,1,INP,OUT,F,,,,,
,160,MAPLE SUGAR,1,,,XXX,,Target,2543,"SWEETENERS, OTHER & PROD",
,161,SUGAR CROPS,1,INP,,T,,Target,2543,"SWEETENERS, OTHER & PROD",
,162,"SUGAR,C. RAW",1,INP,OUT,T,,Target,2542,SUGAR & PROD. (RAW EQ.),
,163,"SUGAR,N-CENT",1,INP,OUT,T,,Target,2541,"SUGAR, NON-CENTRIFUGAL",
,164,SUGAR REFIND,1,INP,OUT,B,,,,,
,165,MOLASSES,1,INP,OUT,T,w=0,Target,2543,"SWEETENERS, OTHER & PROD",(cal.)
,166,OTHER FRUCTO,1,,OUT,T,,Target,2543,"SWEETENERS, OTHER & PROD",
,167,SUGAR NES,1,,OUT,T,,Target,2543,"SWEETENERS, OTHER & PROD",
,168,SUGAR CONF,1,,OUT,B,,,,,
+,169,BEET P.DRY,1,,OUT,T,w=0,Target,,,
+,170,BAGASSE,1,,OUT,T,w=0,Target,,,
,171,SUGARS FLAV,1,,OUT,B,,,,,
,172,GLUC. DEXTR.,1,INP,OUT,T,,Target,2543,"SWEETENERS, OTHER & PROD",
,173,LACTOSE,1,,OUT,T,,Target,2543,"SWEETENERS, OTHER & PROD",
+,174,ARTIF SWEETN,1,,,XXX,,Target,,,
,175,ISOGLUCOSE,1,,OUT,B,,,,,
,176,"BEANS, DRY",1,INP,,T,,Target,2546,"BEANS, DRY & PRODUCTS",
,181,"BRD BEANS,DR",1,INP,,T,,Target,2549,"PULSES, OTHER & PROD.",
,187,"PEAS, DRY",1,INP,,T,,Target,2547,"PEAS, DRY & PRODUCTS",
,191,CHICK-PEAS,1,INP,,T,,Target,2549,"PULSES, OTHER & PROD.",
,195,"COW PEAS,DRY",1,INP,,T,,Target,2549,"PULSES, OTHER & PROD.",
,197,PIGEON PEAS,1,INP,,T,,Target,2549,"PULSES, OTHER & PROD.",
,201,LENTILS,1,INP,,T,,Target,2549,"PULSES, OTHER & PROD.",
,203,BAMBARA BEAN,1,INP,,T,,Target,2549,"PULSES, OTHER & PROD.",
,205,VETCHES,1,INP,,T,,Target,2549,"PULSES, OTHER & PROD.",
,210,LUPINS,1,INP,,T,,Target,2549,"PULSES, OTHER & PROD.",
,211,PULSES NES,1,INP,,T,,Target,2549,"PULSES, OTHER & PROD.",
,212,FLOUR PULSES,1,,OUT,B,,,,,
,213,BRAN PULSES,1,,OUT,B,w=0,Target,2549,"PULSES, OTHER & PROD.",(cal.)
,216,BRAZIL NUTS,1,INP,,T,,Target,2551,NUTS & PRODUCTS,
,217,CASHEW NUTS,1,INP,,T,,Target,2551,NUTS & PRODUCTS,
,220,CHESTNUTS,1,,,XXX,,Target,2551,NUTS & PRODUCTS,
,221,ALMONDS,1,INP,,T,,Target,2551,NUTS & PRODUCTS,
,222,WALNUTS,1,INP,,T,,Target,2551,NUTS & PRODUCTS,
,223,PISTACHIOS,1,INP,,T,,Target,2551,NUTS & PRODUCTS,
,224,KOLANUTS,1,,,XXX,,Target,2551,NUTS & PRODUCTS,
,225,HAZELNUTS,1,INP,,T,,Target,2551,NUTS & PRODUCTS,
,226,ARECANUTS,1,,,XXX,,Target,2551,NUTS & PRODUCTS,
,229,BRAZILNUT SH,1,INP,OUT,B,,,,,
,230,CASHEW SHE,1,INP,OUT,B,,,,,
,231,ALMONDS SHE,1,INP,OUT,B,,,,,
,232,WALNUTS SHE,1,INP,OUT,B,,,,,
,233,HAZELNUTS SH,1,INP,OUT,B,,,,,
,234,NUTS NES,1,INP,,T,,Target,2551,NUTS & PRODUCTS,
,235,PREPRD NUTS,1,,OUT,B,,,,,
,236,SOYBEANS,1,INP,,T,,Target,2555,SOYABEANS & PRODUCTS,
,237,OIL SOYABEAN,1,INP,OUT,T,,Target,2571,"SOYABEAN, OIL",
,238,CAKE SOYBEAN,1,,OUT,T,w=0,Target,2590,"SOYABEAN, CAKE",
,239,SOYA SAUCE,1,,OUT,B,,,,,
,240,SOYA PASTE,1,,OUT,B,,,,,
,241,SOYA CURD,1,,OUT,B,,,,,
,242,GROUNDNUTS,1,INP,,T,,Target,2556,GROUNDNUTS (SHELLED EQ.),
,243,GROUNDNT SHE,1,INP,OUT,B,,,,,
,244,OIL GROUNDNT,1,INP,OUT,T,,Target,2572,"GROUNDNUT, OIL",
,245,CAKE GROUNDT,1,,OUT,T,w=0,Target,2591,"GROUNDNUT, CAKE",
,246,PREP GROUND.,1,,OUT,B,,,,,
,247,PEANUT BUTTE,1,,OUT,B,,,,,
,249,COCONUTS,1,INP,,T,,Target,2560,COCONUTS & COPRA,
,250,"COCONUTS,DES",1,,OUT,B,,,,,
,251,COPRA,1,INP,OUT,B,,,,,
,252,OIL COCONUTS,1,INP,OUT,T,,Target,2578,"COPRA, OIL",
,253,CAKE COCONUT,1,,OUT,T,w=0,Target,2596,"COPRA, CAKE",
,254,OIL PALM FR,1,INP,,T,,Target,2562,PALMKERNELS,
,256,PALM KERNELS,1,INP,OUT,T,,Target,2562,PALMKERNELS,
,257,PALM OIL,1,INP,OUT,T,,Target,2577,"PALM, OIL",
,258,"OIL,PALM KER",1,INP,OUT,T,,Target,2576,"PALM KERNEL, OIL",
,259,"CAKE,PLM KER",1,,OUT,T,w=0,Target,2595,"PALMKERNEL, CAKE",
,260,OLIVES,1,INP,,T,,Target,2563,OLIVES,
,261,OLIVE OIL,1,,OUT,T,,Target,2580,"OLIVE & RESIDUE, OIL",
,262,"OLIVES,PRES",1,,OUT,B,,,,,
,263,KARITE NUTS,1,INP,,T,,Target,2570,"OILCROPS, OTHERS",
,264,KARIT NT BUT,1,,OUT,T,,Target,2586,"OILCROPS, OTHER OIL",
,265,CASTOR BEANS,1,INP,,T,,Target,2570,"OILCROPS, OTHERS",
,266,OIL CAST BNS,1,INP,OUT,T,,Target,2586,"OILCROPS, OTHER OIL",
,267,SUNFLWR SEED,1,INP,,T,,Target,2557,SUNFLOWERSEED,
,268,OIL SUNF SD,1,INP,OUT,T,,Target,2573,"SUNFLOWERSEED, OIL",
,269,CAKE SUNF SD,1,,OUT,T,w=0,Target,2592,"SUNFLOWERSEED, CAKE",
,270,RAPESEED,1,INP,,T,,Target,2558,"RAPE, MUSTARD SEEDS",
,271,OIL RAPESEED,1,INP,OUT,T,,Target,2574,"RAPE & MUSTARD, OIL",
,272,CAKE RAPESED,1,,OUT,T,w=0,Target,2593,"RAPE & MUSTARD, CAKE",
+,273,OLIVE RESID,1,INP,OUT,T,,Target,,,
,274,OIL OLIVERES,1,INP,OUT,T,,Target,2580,"OLIVE & RESIDUE, OIL",
,275,TUNG NUTS,1,INP,,T,,Target,2570,"OILCROPS, OTHERS",
,276,TUNG OIL,1,,OUT,T,,Target,2586,"OILCROPS, OTHER OIL",
,277,JOJOBA SEEDS,1,,,XXX,,Target,2570,"OILCROPS, OTHERS",
,278,JOJOBA OIL,1,,,XXX,,Target,2586,"OILCROPS, OTHER OIL",
,280,SAFFLOWER,1,INP,,T,,Target,2570,"OILCROPS, OTHERS",
,281,OIL SAFFLWR,1,INP,OUT,T,,Target,2586,"OILCROPS, OTHER OIL",
,282,CAKE SAFFLWR,1,,OUT,T,w=0,Target,2598,"OILSEEDS, OTHERS, CAKE",
,289,SESAME SEED,1,INP,,T,,Target,2561,SESAMESEED,
,290,OIL SES SD,1,INP,OUT,T,,Target,2579,"SESAMESEED, OIL",
,291,CAKE SES SD,1,,OUT,T,w=0,Target,2597,"SESAMESEED, CAKE",
,292,MUSTARD SEED,1,INP,,T,,Target,2558,"RAPE, MUSTARD SEEDS",
,293,OIL MUST SD,1,INP,OUT,T,,Target,2574,"RAPE & MUSTARD, OIL",
,294,CAKE MUSTARD,1,,OUT,T,w=0,Target,2593,"RAPE & MUSTARD, CAKE",
,295,FLOUR MUSTAR,1,,OUT,B,,,,,
,296,POPPY SEED,1,INP,,T,,Target,2570,"OILCROPS, OTHERS",
,297,OIL POP SD,1,,OUT,T,,Target,2586,"OILCROPS, OTHER OIL",
,298,CAKE POP SD,1,,OUT,T,w=0,Target,2598,"OILSEEDS, OTHERS, CAKE",
,299,MELONSEED,1,INP,,T,,Target,2570,"OILCROPS, OTHERS",
,305,TALLOW SEEDS,1,INP,,T,,Target,2570,"OILCROPS, OTHERS",
,306,VEG TALLOW,1,,OUT,T,w=0,Target,2586,"OILCROPS, OTHER OIL",
,307,STILLING OIL,1,,OUT,T,,Target,2586,"OILCROPS, OTHER OIL",
,310,KAPOK FRUIT,1,INP,,T,,Target,2570,"OILCROPS, OTHERS",
,311,KAPOKSEED SH,1,INP,OUT,F,,,,,
,312,KAPOKSEE SHD,1,INP,OUT,T,,Target,2570,"OILCROPS, OTHERS",
,313,OIL OF KAPOK,1,,OUT,T,,Target,2586,"OILCROPS, OTHER OIL",
,314,CAKE KAPOK,1,,OUT,T,w=0,Target,2598,"OILSEEDS, OTHERS, CAKE",
,328,SEED COTTON,1,INP,,F,,,2559,COTTONSEED,
,329,COTTONSEED,1,INP,OUT,T,,Target,2559,COTTONSEED,
,331,OIL COTTON S,1,INP,OUT,T,,Target,2575,"COTTONSEED, OIL",
,332,CAKE COTTON,1,,OUT,T,w=0,Target,2594,"COTTONSEED, CAKE",
,333,LINSEED,1,INP,,T,,Target,2570,"OILCROPS, OTHERS",
,334,OIL LINSEED,1,INP,OUT,T,,Target,2586,"OILCROPS, OTHER OIL",
,335,CAKE LINSEED,1,,OUT,T,w=0,Target,2598,"OILSEEDS, OTHERS, CAKE",
,336,HEMPSEED,1,INP,,T,,Target,2570,"OILCROPS, OTHERS",
,337,OIL HEMPSD,1,INP,OUT,T,,Target,2586,"OILCROPS, OTHER OIL",
,338,CAKE HEMPSD,1,,OUT,T,w=0,Target,2598,"OILSEEDS, OTHERS, CAKE",
,339,OILSEEDS NES,1,INP,,T,,Target,2570,"OILCROPS, OTHERS",
,340,OIL VG OR NS,1,INP,OUT,T,,Target,2586,"OILCROPS, OTHER OIL",
,341,CAK OILSD NS,1,,OUT,T,w=0,Target,2598,"OILSEEDS, OTHERS, CAKE",
,343,OIL MEALS,1,,OUT,B,,,,,
,358,CABBAGES,1,INP,,T,,Target,2605,"VEGETABLES, OTHER & PROD",
,366,ARTICHOKES,1,INP,,T,,Target,2605,"VEGETABLES, OTHER & PROD",
,367,ASPARAGUS,1,INP,,T,,Target,2605,"VEGETABLES, OTHER & PROD",
,372,LETTUCE,1,,,XXX,,Target,2605,"VEGETABLES, OTHER & PROD",
,373,SPINACH,1,INP,,T,,Target,2605,"VEGETABLES, OTHER & PROD",
,378,CASSAVA LEAV,1,,,XXX,,Target,2605,"VEGETABLES, OTHER & PROD",
,388,TOMATOES,1,INP,,T,,Target,2601,TOMATOES & PRODUCTS,
,389,TOMATO CONC,1,,OUT,B,,,,,
,390,TOMATO SING,1,,OUT,B,,,,,
,391,TOMATO PASTE,1,,OUT,B,,,,,
,392,PEELD TOMATO,1,,OUT,B,,,,,
,393,CAULIFLOWER,1,INP,,T,,Target,2605,"VEGETABLES, OTHER & PROD",
,394,PUMPK+SQ+GRD,1,INP,,T,,Target,2605,"VEGETABLES, OTHER & PROD",
,397,CUCMBR+GHERK,1,INP,,T,,Target,2605,"VEGETABLES, OTHER & PROD",
,399,EGGPLANTS,1,INP,,T,,Target,2605,"VEGETABLES, OTHER & PROD",
,401,"CHIL+PEP,GRN",1,INP,,T,,Target,2605,"VEGETABLES, OTHER & PROD",
,402,"ONIONS,GREEN",1,INP,,T,,Target,2605,"VEGETABLES, OTHER & PROD",
,403,"ONIONS, DRY",1,INP,,T,,Target,2602,"ONIONS, DRY",
,406,GARLIC,1,INP,,T,,Target,2605,"VEGETABLES, OTHER & PROD",
,407,LEEKS AND OT,1,,,XXX,,Target,2605,"VEGETABLES, OTHER & PROD",
,414,"BEANS, GREEN",1,INP,,T,,Target,2605,"VEGETABLES, OTHER & PROD",
,417,"PEAS, GREEN",1,INP,,T,,Target,2605,"VEGETABLES, OTHER & PROD",
,420,"BRD BEAN,GRN",1,INP,,T,,Target,2605,"VEGETABLES, OTHER & PROD",
,423,STRING BEANS,1,INP,,T,,Target,2605,"VEGETABLES, OTHER & PROD",
,426,CARROTS,1,INP,,T,,Target,2605,"VEGETABLES, OTHER & PROD",
,430,OKRA,1,,,XXX,,Target,2605,"VEGETABLES, OTHER & PROD",
,446,GREEN CORN,1,INP,,T,,Target,2605,"VEGETABLES, OTHER & PROD",
,447,SWEET CORN F,1,,OUT,B,,,,,
,448,SWEET CORN P,1,,OUT,B,,,,,
,449,MUSHROOMS,1,INP,,T,,Target,2605,"VEGETABLES, OTHER & PROD",
,450,DRIED MUSH,1,,OUT,B,,,,,
,451,CANNED MUSH,1,,OUT,B,,,,,
,459,CHICORY ROOT,1,INP,,T,,Target,2605,"VEGETABLES, OTHER & PROD",
+,460,VEG PR FR DR,1,,,XXX,,Target,,,
,461,CAROBS,1,INP,,T,,Target,2605,"VEGETABLES, OTHER & PROD",
,463,VEGETABLES F,1,INP,,T,,Target,2605,"VEGETABLES, OTHER & PROD",
,464,VEGET DR NES,1,,OUT,B,,,,,
,465,VEGT CAN NES,1,,OUT,B,,,,,
,466,JUICE VEG NS,1,,OUT,B,,,,,
,469,VEGS DEHYDR,1,,OUT,B,,,,,
,471,VEGS VINEGAR,1,,OUT,B,,,,,
,472,VEGS PR NES,1,,OUT,B,,,,,
,473,VEGS FROZEN,1,,OUT,B,,,,,
,474,VEGS TEMP PR,1,,OUT,B,,,,,
,475,VEG.PREP OR,1,,OUT,B,,,,,
,476,HOMOGENIZED,1,,OUT,B,,,,,
,486,BANANAS,1,INP,,T,,Target,2615,BANANA,
,489,PLANTAINS,1,INP,,T,,Target,2616,PLANTAINS,
,490,ORANGES,1,INP,,T,,Target,2611,"ORANGES,TANG-MAND&PROD.",
,491,ORANJ SING-S,1,,OUT,B,,,,,
,492,ORANJ CONC,1,,OUT,B,,,,,
,495,TANGERINES,1,INP,,T,,Target,2611,"ORANGES,TANG-MAND&PROD.",
,496,TANGER JUICE,1,,OUT,B,,,,,
,497,LEMONS LIMES,1,INP,,T,,Target,2612,"LEMONS, LIMES & PROD.",
,498,LEMONJ SIN_S,1,,OUT,B,,,,,
,499,LEMONJ CONC,1,,OUT,B,,,,,
,507,GRAPEFRUIT,1,INP,,T,,Target,2613,GRAPEFRUIT & PRODUCTS,
,509,GRAPEFRJ S-S,1,,OUT,B,,,,,
,510,GRAPEFRJ CON,1,,OUT,B,,,,,
,512,CITR FRT NES,1,INP,,T,,Target,2614,CITRUS FRUIT NES & PROD.,
,513,CITRUSJ SING,1,,OUT,B,,,,,
,514,CITRUSJ CONC,1,,OUT,B,,,,,
,515,APPLES,1,INP,,T,,Target,2617,APPLES & PRODUCTS,
,517,FERM BEVERAG,1,,OUT,T,,Target,2657,"BEVERAGES, FERMENTED",
,518,APPLEJ SIN-S,1,,OUT,B,,,,,
,519,APPLEJ CONC,1,,OUT,B,,,,,
,521,PEARS,1,INP,,T,,Target,2625,"FRUIT, OTHER & PRODUCTS",
,523,QUINCES,1,INP,,T,,Target,2625,"FRUIT, OTHER & PRODUCTS",
,526,APRICOTS,1,INP,,T,,Target,2625,"FRUIT, OTHER & PRODUCTS",
,527,DRY APRICOTS,1,,OUT,B,,,,,
,530,SOUR CHERRY,1,INP,,T,,Target,2625,"FRUIT, OTHER & PRODUCTS",
,531,CHERRIES,1,INP,,T,,Target,2625,"FRUIT, OTHER & PRODUCTS",
,534,PEACHES,1,INP,,T,,Target,2625,"FRUIT, OTHER & PRODUCTS",
,536,PLUMS,1,INP,,T,,Target,2625,"FRUIT, OTHER & PRODUCTS",
,537,"PLUMS, DRIED",1,,OUT,B,,,,,
,538,"PLUMJ,SING-S",1,,OUT,B,,,,,
,539,PLUMJ CONC,1,,OUT,B,,,,,
,541,STONE FRUIT,1,INP,,T,,Target,2625,"FRUIT, OTHER & PRODUCTS",
,542,POME FRUIT,1,INP,,T,,Target,2625,"FRUIT, OTHER & PRODUCTS",
,544,STRAWBERRIES,1,INP,,T,,Target,2625,"FRUIT, OTHER & PRODUCTS",
,547,RASPBERRIES,1,INP,,T,,Target,2625,"FRUIT, OTHER & PRODUCTS",
,549,GOOSEBERRIES,1,INP,,T,,Target,2625,"FRUIT, OTHER & PRODUCTS",
,550,CURRANTS,1,INP,,T,,Target,2625,"FRUIT, OTHER & PRODUCTS",
,552,BLUEBERRIES,1,INP,,T,,Target,2625,"FRUIT, OTHER & PRODUCTS",
,554,CRANBERRIES,1,INP,,T,,Target,2625,"FRUIT, OTHER & PRODUCTS",
,558,BERRIES NES,1,INP,,T,,Target,2625,"FRUIT, OTHER & PRODUCTS",
,560,GRAPES,1,INP,,T,,Target,2620,GRAPES & PROD(EXCL.WINE),
,561,RAISINS,1,,OUT,B,,,,,
,562,GRAPE JUICE,1,,OUT,B,,,,,
,563,MUST GRAPES,1,INP,OUT,B,,,,,
,564,WINE,1,INP,OUT,T,,Target,2655,WINE,
,565,VERMTH SIMIL,1,,OUT,B,,,,,
+,566,GRAPE MARC,1,INP,OUT,B,w=0,Target,,,
,567,WATERMELONS,1,INP,,T,,Target,2625,"FRUIT, OTHER & PRODUCTS",
,568,MELONS,1,INP,,T,,Target,2625,"FRUIT, OTHER & PRODUCTS",
,569,FIGS,1,INP,,T,,Target,2625,"FRUIT, OTHER & PRODUCTS",
,570,"FIGS, DRIED",1,,OUT,B,,,,,
,571,MANGOES,1,INP,,T,,Target,2625,"FRUIT, OTHER & PRODUCTS",
,572,AVOCADOS,1,INP,,T,,Target,2625,"FRUIT, OTHER & PRODUCTS",
,574,PINEAPPLES,1,INP,,T,,Target,2618,PINEAPPLES & PRODUCTS,
,575,PINEAPPL CAN,1,,OUT,B,,,,,
,576,PINEAPPLEJ S,1,,OUT,B,,,2618,PINEAPPLES & PRODUCTS,
,577,DATES,1,INP,,T,,Target,2619,DATES,
,580,PINEAPPLEJ C,1,,OUT,B,,,2618,PINEAPPLES & PRODUCTS,
,583,MANGO JUICE,1,,OUT,B,,,,,
+,584,MANGO PULP,1,,OUT,B,w=0,Target,,,
,587,PERSIMMONS,1,,,XXX,,Target,2625,"FRUIT, OTHER & PRODUCTS",
,591,CASHEWAPPLE,1,INP,,T,,Target,2625,"FRUIT, OTHER & PRODUCTS",
,592,KIWI,1,,,XXX,,Target,2625,"FRUIT, OTHER & PRODUCTS",
,600,PAPAYAS,1,,,XXX,,Target,2625,"FRUIT, OTHER & PRODUCTS",
,603,FRT TROP NES,1,INP,,T,,Target,2625,"FRUIT, OTHER & PRODUCTS",
,604,FR TRP DR NS,1,,OUT,B,,,,,
,619,FRUIT NES,1,INP,,T,,Target,2625,"FRUIT, OTHER & PRODUCTS",
,620,FRUIT DR NES,1,,OUT,B,,,,,
,622,FRUIT JUICE,1,INP,OUT,B,,,,,
,623,FRUIT PR NES,1,,OUT,B,,,,,
,624,FLOUR FRUIT,1,,OUT,B,,,,,
,625,"FRUIT,NUT,PE",1,,OUT,B,,,,,
,626,HOMOGEN.COOK,1,,OUT,B,,,,,
+,628,FR PULP FEED,1,,,XXX,,Target,,,
+,629,BEET TOPS,1,,,XXX,,Target,,,
+,630,CANE TOPS,1,,,XXX,,Target,,,
+,631,"WATERS,ICE E",1,,,XXX,,Target,,,
,632,ALC NON-FOOD,1,INP,OUT,T,,Target,2659,"ALCOHOL, NON-FOOD",
,633,BEV NON-ALC,1,,OUT,B,,,,,
,634,BEV DIS ALC,1,,OUT,T,,Target,2658,"BEVERAGES, ALCOHOLIC",
+,635,"STRAW, HUSKS",1,,,XXX,,Target,,,
+,636,MAIZE FD+SIL,1,,,XXX,,Target,,,
+,637,SORGHUM FS,1,,,XXX,,Target,,,
+,638,RYE GRASS FS,1,,,XXX,,Target,,,
+,639,GRASSES FS,1,,,XXX,,Target,,,
+,640,CLOVER FS,1,,,XXX,,Target,,,
+,641,ALFALFA FS,1,,,XXX,,Target,,,
+,642,G OILSEED FS,1,,,XXX,,Target,,,
+,643,LEGUMIN FS,1,,,XXX,,Target,,,
+,644,CABBAGE FOD,1,,,XXX,,Target,,,
+,645,PUMPKINS FOD,1,,,XXX,,Target,,,
+,646,TURNIPS FOD,1,,,XXX,,Target,,,
+,647,BEETS FODDER,1,,,XXX,,Target,,,
+,648,CARROTS FOD,1,,,XXX,,Target,,,
+,649,SWEDES FOD,1,,,XXX,,Target,,,
+,650,LEAVES+TOPS,1,,,XXX,,Target,,,
+,651,FORAGE PROD,1,,,XXX,,Target,,,
+,652,VEG PROD,1,,,XXX,,Target,,,
+,653,FOOD WASTES,1,,,XXX,,Target,,,
+,654,"DREGS,BR+DIS",1,INP,,T,,Target,,,
+,655,VEG ROOT FOD,1,,,XXX,,Target,,,
,656," COFFEE,GREEN",1,INP,,T,,Target,2630,COFFEE & PRODUCTS,
,657,COFFEE ROAST,1,,OUT,B,,,,,
,658,COFFEE SUBST,1,,OUT,B,,,,,
,659,COFFEE EXTR,1,,OUT,B,,,,,
+,660,COFFEE HUSKS,1,,,XXX,,Target,,,
,661,COCOA BEANS,1,INP,,T,,Target,2633,COCOA BEANS & PRODUCTS,
,662,COCOA PASTE,1,INP,OUT,B,,,,,
+,663,COCOA HUSKS,1,,OUT,B,w=0,Target,,,
,664,COCOA BUTTER,1,INP,OUT,B,w=0,Target,2586,"OILCROPS, OTHER OIL",
,665,COCOA POWDER,1,INP,OUT,B,,,,,
,666,CHOC PROD NS,1,,OUT,B,,,,,
,667,TEA,1,,,XXX,,Target,2635,TEA,
,671,MATE,1,,,XXX,,Target,2635,TEA,
,672,"EXTRACT TEA,",1,,,XXX,,Target,2635,TEA,
+,674,TEA NES,1,,,XXX,,Target,,,
+,677,HOPS,1,,,XXX,,Target,,,
,687,PEPPER W/L/B,1,,,XXX,,Target,2640,PEPPER,
,689,PIMENTO,1,,,XXX,,Target,2641,PIMENTO,
,692,VANILLA,1,,,XXX,,Target,2645,"SPICES, OTHER",
,693,CINNAMON,1,,,XXX,,Target,2645,"SPICES, OTHER",
,698,CLOVES,1,,,XXX,,Target,2642,CLOVES,
,702,NUTMEG,1,,,XXX,,Target,2645,"SPICES, OTHER",
,711,ANISE,1,,,XXX,,Target,2645,"SPICES, OTHER",
,720,GINGER,1,,,XXX,,Target,2645,"SPICES, OTHER",
,723,SPICES NES,1,,,XXX,,Target,2645,"SPICES, OTHER",
+,737,OIL CITRONLL,1,,,XXX,,Target,,,
+,748,PEPPERMINT,1,,,XXX,,Target,,,
+,753,ESS OILS NES,1,,,XXX,,Target,,,
+,754,PYR DR FLOWR,1,INP,,T,,Target,,,
,755,PYRET EXTR.,1,,OUT,B,,,,,
+,756,PYRET MARC,1,,OUT,B,w=0,Target,,,
,767,COTTON LINT,1,,OUT,T,,Target,2661,"COTTON, LINT",
+,768,COTTON CARDD,1,,,XXX,,Target,,,
+,769,COTTON WASTE,1,,OUT,T,,Target,,,
+,770,COTTON LINTR,1,,OUT,T,w=0,Target,,,
,771,FLAX RAW,1,,,XXX,,Target,2664,"FIBRES, SOFT OTHERS",
,773,FLAX FIBRE,1,,,XXX,,Target,2664,"FIBRES, SOFT OTHERS",
,774,FLAX TOW,1,,,XXX,,Target,2664,"FIBRES, SOFT OTHERS",
,777,HEMP FIBRE,1,,,XXX,,Target,2664,"FIBRES, SOFT OTHERS",
,778,KAPOK FIBRE,1,,OUT,T,w=0,Target,2664,"FIBRES, SOFT OTHERS",
,780,JUTE,1,,,XXX,,Target,2662,JUTE,
,782, JUTE-LIKE,1,,,XXX,,Target,2663,"FIBRES,JUTE-LIKE",
,788,RAMIE,1,,,XXX,,Target,2664,"FIBRES, SOFT OTHERS",
,789,SISAL,1,,,XXX,,Target,2665,SISAL,
,800,AGAVE NES,1,,,XXX,,Target,2667,"FIBRES, HARD OTHERS",
,809,ABACA,1,,,XXX,,Target,2666,ABACA,
,813,COIR,1,,,XXX,,Target,2667,"FIBRES, HARD",
,821,FIBRE NES,1,,,XXX,,Target,2667,"FIBRES, HARD",
,826,TOBACCO,1,INP,,T,,Target,2671,TOBACCO & PRODUCTS,
,828,CIGARETTES,1,,OUT,B,,,,,
,829,CIGARS,1,,OUT,B,,,,,
,831,TOBACCO PROD,1,,OUT,B,,,,,
,836,NAT RUBBER,1,INP,,T,,Target,2672,NATURAL RUBBER (DRY EQ.),
,837,RUBBER DRY,1,,OUT,B,,,,,
+,839,NATURAL GUMS,1,,,XXX,,Target,,,
+,840,COM FEED CAT,1,,,XXX,,Target,,,
+,841,COM FEED POU,1,,,XXX,,Target,,,
+,842,COM FEED PIG,1,,,XXX,,Target,,,
+,843,PET FOOD,1,,,XXX,,Target,,,
+,845,COM FEED OTH,1,,,XXX,,Target,,,
,846,GLUT FEED&ME,1,,OUT,B,,,,,
+,849,FEED YEAST,1,,,XXX,,Target,,,
+,850,FEED SUP,1,,,XXX,,Target,,,
,851,NONPROT NITR,0,,,XXX,,,,,
+,852,CONCENTR NES,1,,,XXX,,Target,,,
,853,VITAMINS,0,,,XXX,,,,,
+,854,FEED ADDITIV,1,,,XXX,,Target,,,
+,855,FEED MINERAL,1,,,XXX,,Target,,,
+,857,HAY NON-LEG,1,,,XXX,,Target,,,
+,858,HAY LEGUMIN,1,,,XXX,,Target,,,
+,859,HAY UNSPECIF,1,,,XXX,,Target,,,
+,860,RANGE PAST,1,,,XXX,,Target,,,
+,861,IMPROV PAST,1,,,XXX,,Target,,,
+,862,ALFALFA MEAL,1,,,XXX,,Target,,,
,864,CALVES,0,,,XXX,,,,,
,865,VEAL,0,,,XXX,,,,,
,866,CATTLE,1,INP,,T,,Target,2701,CATTLE,
,867,BEEF VEAL,1,INP,OUT,T,,Target,2731,"MEAT & PRODUCTS, BOVINE",
,868,OFFALS CATTL,1,INP,OUT,T,,Target,2736,"OFFALS, EDIBLE",
,869,FAT CATTLE,1,INP,OUT,T,,Target,2737,"FATS, ANIMALS, RAW",
,870,BEEF BONLESS,1,INP,OUT,B,,,,,
,871,CATTLE BUT F,1,INP,OUT,B,w=0,Target,2737,"FATS, ANIMALS, RAW",
,872,BEEF DSS,1,,OUT,B,,,,,
,873,MEAT EXTRACT,1,,OUT,B,,,,,
,874,SAUSAGE BEEF,1,,OUT,B,,,,,
,875,BEEF PREP,1,,OUT,B,,,,,
,876,BEEF CANNED,1,,OUT,B,,,,,
,877,HOMOGENIZED,1,,OUT,B,,,,,
,878,LIVER PREPAR,1,,OUT,B,,,,,
,882,COW MILK,1,INP,,T,,Target,2848,MILK & PROD (EXCL BUTTER,
+,883,STANDAR MILK,1,,,XXX,,Target,,,
,885,"CREAM, FRESH",1,INP,OUT,B,w=0,Target,2743,CREAM,
,886,"BUTTER, COWS",1,,OUT,B,w=0,Target,2740,"BUTTER, GHEE",
,887,"GHEE, COWS",1,INP,OUT,B,w=0,Target,2740,"BUTTER, GHEE",
,888,SK MILK COWS,1,INP,OUT,B,,,,,
,889,"WH MILK,COND",1,,OUT,B,,,,,
,890,"WHEY,CONDENS",1,,OUT,B,,,,,
,891,YOGHURT,1,INP,OUT,B,,,,,
,892,YOGHURT CONC,1,,OUT,B,,,,,
,893,"BUTTERM,CURD",1,INP,OUT,B,,,,,
,894,"WH MILK,EVAP",1,,OUT,B,,,,,
,895,SKMILK EVAP,1,INP,OUT,B,,,,,
,896,SK MILK COND,1,INP,OUT,B,,,,,
,897,COWMILK DRY,1,INP,OUT,B,,,,,
,898,MILK SK DR C,1,INP,OUT,B,,,,,
,899,DRY BUTTERMK,1,INP,OUT,B,,,,,
,900,DRY WHEY,1,INP,OUT,B,,,,,
,901,CHEESE W COW,1,INP,OUT,B,,,,,
,903,"WHEY, FRESH",1,INP,OUT,B,w=0,Target,2848,MILK & PROD (EXCL BUTTER),(cal.)
,904,CHEESE S COW,1,INP,OUT,B,,,,,
,905,WHEY CHEESE,1,INP,OUT,B,,,,,
,907,PROC CHEESE,1,,OUT,B,,,,,
,908,RECONS MILK,1,INP,OUT,B,,,,,
,909,PROD.OF NAT.,1,,,XXX,,Target,2848,MILK & PROD (EXCL BUTTER),(cal.)
,910,ICE CREAM AN,1,,,XXX,,Target,2848,MILK & PROD (EXCL BUTTER),(cal.)
,916,EGG ALBUMINE,1,,OUT,T,,Target,2744,EGGS & PRODUCTS,(cal.)
,917,CASEIN,1,,OUT,B,,,,,
,918,SUCKMILK CAT,0,,,XXX,,,,,
,919,CATTLE HIDES,1,INP,OUT,T,w=0,Target,2748,HIDES & SKINS,
,920,HIDE W CATTL,1,INP,OUT,B,,,,,
,921,HIDE D CATTL,1,,OUT,B,,,,,
,922,HIDE N CATTL,1,,OUT,B,,,,,
+,927,SKIN F CALVE,1,INP,,T,,Target,,,
,928,SKIN W CALVE,1,INP,OUT,B,,,,,
,929,SKIN D CALVE,1,,OUT,B,,,,,
,930,SKIN N CATTL,1,,OUT,B,,,,,
+,944,IND CATTMEAT,1,,,XXX,,Target,,,
+,945,BIO CATTMEAT,1,,,XXX,,Target,,,
,946,BUFFALOES,1,INP,,T,,Target,2702,BUFFALOES,
,947,BUFFALO MEAT,1,,OUT,T,,Target,2731,"MEAT & PRODUCTS, BOVINE",
,948,OFFAL BUFFAL,1,,OUT,T,,Target,2736,"OFFALS, EDIBLE",
,949,FAT BUFFALO,1,INP,OUT,T,,Target,2737,"FATS, ANIMALS, RAW",
,951,BUFFALO MILK,1,INP,,T,,Target,2848,MILK & PROD (EXCL BUTTER,
,952,BUTTER BUFFL,1,,OUT,B,w=0,Target,2740,"BUTTER ,GHEE",
,953,GHEE BUFFALO,1,,OUT,B,w=0,Target,2740,"BUTTER ,GHEE",
,954,MILK SK BUFF,1,INP,OUT,B,,,,,
,955,CHEES BUFFAL,1,,OUT,B,,,,,
,956,SUCKMILK BUF,0,,,XXX,,,,,
,957,BUFFALO HIDE,1,INP,OUT,T,w=0,Target,2748,HIDES & SKINS,
,958,HIDE W BUFFL,1,INP,OUT,B,,,,,
,959,HIDE D BUFFL,1,,OUT,B,,,,,
+,972,IND BUFFMEAT,1,,,XXX,,Target,,,
+,973,BIO BUFFMEAT,1,,,XXX,,Target,,,
,974,LAMBS,0,,,XXX,,,,,
,975,LAMB MEAT,0,,,XXX,,,,,
,976,SHEEP,1,INP,,T,,Target,2703,SHEEP,
,977,MUTTON LAMB,1,,OUT,T,,Target,2732,"MEAT & PROD, SHEEP&GOAT",
,978,OFFALS SHEEP,1,,OUT,T,,Target,2736,"OFFALS, EDIBLE",
,979,FAT OF SHEEP,1,INP,OUT,T,,Target,2737,"FATS, ANIMALS, RAW",
,982,SHEEP MILK,1,INP,,T,,Target,2848,MILK & PROD (EXCL BUTTER,
,983,BUTTER SHEEP,1,,OUT,B,w=0,Target,2740,"BUTTER ,GHEE",
,984,SHEEP CHEESE,1,,OUT,B,,,,,
,985,SK MILK SHEE,1,INP,OUT,B,,,,,
,986,SUCKMILK SHE,0,,,XXX,,,,,
,987,"WOOL, GREASY",1,,,XXX,,Target,2746,WOOL (CLEAN EQUIVALENT),
,988,"WOOL,SCOURED",1,,,XXX,,Target,2746,WOOL (CLEAN EQUIVALENT),
,994,GREASE WOOL,1,,,XXX,,Target,2737,"FATS, ANIMALS, RAW",
,995,SHEEPSKINS,1,INP,OUT,T,,Target,2748,HIDES & SKINS,
,996,SKIN W SHEEP,1,INP,OUT,B,,,,,
,997,SKIN D SHEEP,1,,OUT,B,,,,,
,998,SKIN NES SH,1,,OUT,B,,,,,
,999,SKINWOOL SH,1,,OUT,B,,,,,
,1002,KARAKUL SKIN,1,,,XXX,,Target,2748,HIDES & SKINS,
+,1007,WOOL SHODDY,1,,,XXX,,Target,,,
+,1008,HAIR CARDED,1,,,XXX,,Target,,,
+,1009,WOOL WASTE,1,,,XXX,,Target,,,
+,1010,WOOL TOPS,1,,,XXX,,Target,,,
+,1012,IND SHEEMEAT,1,,,XXX,,Target,,,
+,1013,BIO SHEEMEAT,1,,,XXX,,Target,,,
,1014,KIDS,0,,,XXX,,,,,
,1015,KIDS MEAT,0,,,XXX,,,,,
,1016,GOATS,1,INP,,T,,Target,2704,GOATS,
,1017,GOAT MEAT,1,,OUT,T,,Target,2732,"MEAT & PROD, SHEEP&GOAT",
,1018,OFFALS GOATS,1,,OUT,T,,Target,2736,"OFFALS, EDIBLE",
,1019,FAT OF GOATS,1,INP,OUT,T,,Target,2737,"FATS, ANIMALS, RAW",
,1020,GOAT MILK,1,INP,,T,,Target,2848,MILK & PROD (EXCL BUTTER,
,1021,GOAT CHEESE,1,,OUT,B,,,,,
,1022,"BUTTER, GOAT",1,,OUT,B,w=0,Target,2740,"BUTTER ,GHEE",
,1023,SK MILK GOAT,1,INP,OUT,B,,,,,
,1024,SUCKMILK GOA,0,,,XXX,,,,,
,1025,GOATSKINS,1,INP,OUT,T,,Target,2748,HIDES & SKINS,
,1026,SKIN W GOAT,1,INP,OUT,B,,,,,
,1027,SKIN D GOAT,1,,OUT,B,,,,,
,1028,SKIN NES GOA,1,,OUT,B,,,,,
+,1030,FINE GOAT HA,1,,,XXX,,Target,,,
+,1031,COARSE GOA H,1,,,XXX,,Target,,,
+,1032,IND GOATMEAT,1,,,XXX,,Target,,,
+,1033,BIO GOATMEAT,1,,,XXX,,Target,,,
,1034,PIGS,1,INP,,T,,Target,2705,PIGS,
,1035,PIGMEAT,1,INP,OUT,T,,Target,2733,"MEAT & PRODUCTS, PIG",
,1036,OFFALS PIGS,1,,OUT,T,,Target,2736,"OFFALS, EDIBLE",
,1037,FAT PIGS,1,INP,OUT,T,,Target,2737,"FATS, ANIMALS, RAW",
,1038,PORK,1,INP,OUT,B,,,,,
,1039,BACON PIGS,1,,OUT,B,,,,,
,1040,PIG BUT FAT,1,INP,OUT,B,w=0,Target,2737,"FATS, ANIMALS, RAW",
,1041,SAUSAGES PIG,1,,OUT,B,,,,,
,1042,MEAT PR PIG,1,,OUT,B,,,,,
,1043,LARD,1,INP,OUT,B,,,,,
,1044,PIGSKINS,1,INP,OUT,T,,Target,2748,HIDES & SKINS,
,1045,SKIN W PIGS,1,INP,OUT,B,,,,,
,1046,SKIN D PIGS,1,,OUT,B,,,,,
,1047,SKIN NES PIG,1,,OUT,B,,,,,
,1050,SUCKMILK PIG,0,,,XXX,,,,,
+,1055,IND PIGMEAT,1,,,XXX,,Target,,,
+,1056,BIO PIG MEAT,1,,,XXX,,Target,,,
,1057,CHICKENS,1,INP,,T,,Target,2706,POULTRY,
,1058,CHICKEN MEAT,1,INP,OUT,T,,Target,2734,"MEAT & PRODUCTS, POULTRY",
,1059,OFFAL CHICKN,1,,OUT,T,w=0,Target,2736,"OFFALS, EDIBLE",
,1060,FAT LIVER PR,1,,OUT,B,,,,,
,1061,MEAT CD CHCK,1,,OUT,B,,,,,
,1062,HEN EGGS,1,INP,,T,,Target,2744,EGGS & PRODUCTS,
,1063,EGGS L HEN,1,INP,OUT,B,,,,,
,1064,EGGS DRY HEN,1,,OUT,B,,,,,
,1065,FAT POULTRY,1,INP,OUT,T,,Target,2737,"FATS, ANIMALS, RAW",
,1066,FAT R POULTR,1,INP,OUT,B,,,,,
,1067,HEN EGGS NO,0,,,XXX,,,,,
,1068,DUCKS,1,INP,,T,,Target,2706,POULTRY,
,1069,DUCK MEAT,1,,OUT,T,,Target,2734,"MEAT & PRODUCTS, POULTRY",
+,1070,IND DUCKMEAT,1,,,XXX,,Target,,,
+,1071,BIO DUCKMEAT,1,,,XXX,,Target,,,
,1072,GEESE,1,INP,,T,,Target,2706,POULTRY,
,1073,GOOSE MEAT,1,INP,OUT,T,,Target,2734,"MEAT & PRODUCTS, POULTRY",
,1074,OFFALS LIV G,1,,OUT,T,,Target,2736,"OFFALS, EDIBLE",
,1075,OFFALS LIV D,1,,OUT,T,,Target,2736,"OFFALS, EDIBLE",
+,1077,IND GEESMEAT,1,,,XXX,,Target,,,
+,1078,BIO GEESMEAT,1,,,XXX,,Target,,,
,1079,TURKEYS,1,INP,,T,,Target,2706,POULTRY,
,1080,TURKEY MEAT,1,INP,OUT,T,,Target,2734,"MEAT & PRODUCTS, POULTRY",
,1081,OFFALS LIV T,1,,OUT,T,,Target,2736,"OFFALS, EDIBLE",
,1083,PIGEONS OTHE,1,INP,,T,,Target,2706,POULTRY,
+,1084,INDIG OTH PO,1,,,XXX,,Target,,,
+,1085,BIOL OTH POU,1,,,XXX,,Target,,,
+,1087,IND TURKMEAT,1,,,XXX,,Target,,,
+,1088,BIO TURKMEAT,1,,,XXX,,Target,,,
,1089,MEAT POULTRY,1,,OUT,T,,Target,2735,"MEAT & PROD, OTHER ANIM.",
,1091,EGGS POULTRY,1,,,XXX,,Target,2744,EGGS & PRODUCTS,
,1092,OTH EGG (NO),0,,,XXX,,,,,
+,1094,IND CHCKMEAT,1,,,XXX,,Target,,,
+,1095,BIO CHCKMEAT,1,,,XXX,,Target,,,
+,1096,HORSES,1,INP,,T,,Target,,,
,1097,HORSEMEAT,1,,OUT,T,,Target,2735,"MEAT & PROD, OTHER ANIM.",
,1098,OFFALS HORSE,1,,OUT,T,,Target,2736,"OFFALS, EDIBLE",
+,1100,HAIR HORSES,1,,,XXX,,Target,,,
,1102,HORSE HIDES,1,INP,OUT,T,,Target,2748,HIDES & SKINS,
,1103,HIDE W HORSE,1,INP,OUT,B,,,,,
,1104,HIDE D HORSE,1,,OUT,B,,,,,
,1105,HIDE Y HORSE,1,,OUT,B,,,,,
+,1107,ASSES,1,INP,,T,,Target,,,
,1108,MEAT ASSES,1,,OUT,T,,Target,2735,"MEAT & PROD, OTHER ANIM.",
,1109,HIDES ASS FR,1,,OUT,T,,Target,2748,HIDES & SKINS,
+,1110,MULES,1,INP,,T,,Target,,,
,1111,MEAT MULES,1,,OUT,T,,Target,2735,"MEAT & PROD, OTHER ANIM.",
,1112,HIDES MUL FR,1,,OUT,T,,Target,2748,HIDES & SKINS,
,1115,SUCKMILK EQU,0,,,XXX,,,,,
+,1120,IND HORSMEAT,1,,,XXX,,Target,,,
+,1121,BIO HORSMEAT,1,,,XXX,,Target,,,
+,1122,IND ASS MEAT,1,,,XXX,,Target,,,
+,1123,BIO ASS MEAT,1,,,XXX,,Target,,,
+,1124,IND MULEMEAT,1,,,XXX,,Target,,,
+,1125,BIO MULEMEAT,1,,,XXX,,Target,,,
+,1126,CAMELS,1,INP,,T,,Target,,,
,1127,MEAT CAMEL,1,,OUT,T,,Target,2735,"MEAT & PROD, OTHER ANIM.",
,1128,OFFALS CAMEL,1,,OUT,T,,Target,2736,"OFFALS, EDIBLE",
,1129,FAT CAMEL,1,,OUT,T,,Target,2737,"FATS, ANIMALS, RAW",
,1130,CAMEL MILK,1,,,XXX,,Target,2848,MILK & PROD (EXCL BUTTER,
,1131,SUCKMILK CAM,0,,,XXX,,,,,
,1133,HIDES CAMEL,1,INP,OUT,T,,Target,2748,HIDES & SKINS,
,1134,HIDE W CAMEL,1,INP,OUT,B,,,,,
,1135,HIDE D CAMEL,1,,OUT,B,,,,,
,1136,HIDE U CAMEL,1,,OUT,B,,,,,
+,1137,IND CAMLMEAT,1,,,XXX,,Target,,,
+,1138,BIO CAMLMEAT,1,,,XXX,,Target,,,
+,1140,RABBITS,1,INP,,T,,Target,,,
,1141,RABBIT MEAT,1,,OUT,T,,Target,2735,"MEAT & PROD, OTHER ANIM.",
+,1144,RAB MEAT IND,1,,,XXX,,Target,,,
+,1145,RAB MEAT BIO,1,,,XXX,,Target,,,
,1146,RABBIT SKIN,1,,OUT,T,,Target,2748,HIDES & SKINS,
+,1150,OTH RODENTS,1,INP,,T,,Target,,,
,1151,MEAT RODENTS,1,,OUT,T,,Target,2735,"MEAT & PROD, OTHER ANIM.",
+,1154,INDIG RODENT,1,,,XXX,,Target,,,
+,1155,BIOL RODENTS,1,,,XXX,,Target,,,
+,1157,OTH CAMELIDS,1,INP,,T,,Target,,,
,1158,MEAT OTH CAM,1,,OUT,T,,Target,2735,"MEAT & PROD, OTHER ANIM.",
,1159,OFFALS CAMEL,1,,OUT,T,,Target,2736,"OFFALS, EDIBLE",
,1160,FAT OTH CAME,1,,OUT,T,,Target,2737,"FATS, ANIMALS, RAW",
+,1161,INDIG CAMEL,1,,,XXX,,Target,,,
+,1162,BIOL OTH CAM,1,,,XXX,,Target,,,
,1163,GAME MEAT,1,INP,,T,,Target,2735,"MEAT & PROD, OTHER ANIM.",
,1164,MEAT DRY NES,1,,OUT,B,,,,,
,1166,MEAT NES,1,INP,,T,,Target,2735,"MEAT & PROD, OTHER ANIM.",
,1167,OFFALS NES,1,,OUT,T,,Target,2736,"OFFALS, EDIBLE",
,1168,OILS ANIMAL,1,INP,OUT,B,,,,,
,1169,LIVE ANIMAL,0,,,XXX,,,,,
+,1171,ANIMALS NES,1,,,XXX,,Target,,,
,1172,MEAT PR NES,1,,OUT,B,,,,,
,1173,MEAT MEAL,1,,,XXX,,Target,2749,MEAT & BLOOD MEAL,
,1174,FISH MEAL,0,,,XXX,,,,,
,1175,BLOOD MEAL,1,,,XXX,,Target,2749,MEAT & BLOOD MEAL,
,1176,SNAILS NOT S,1,,,XXX,,Target,2735,"MEAT & PROD, OTHER ANIM.",
,1180,SUCKMILK NES,0,,,XXX,,,,,
+,1181,BEEHIVES,1,,,XXX,,Target,,,
,1182,HONEY,1,INP,,T,,Target,2745,HONEY,
+,1183,BEESWAX,1,,,XXX,,Target,,,
,1185,COCOON REEL,1,,,XXX,,Target,2747,SILK,
,1186,"SILK, RAW",1,,,XXX,,Target,2747,SILK,
,1187,COCOON UNR,1,,,XXX,,Target,2747,SILK,
,1195,FUR SKINS,1,,,XXX,,Target,2748,HIDES & SKINS,
,1213,HIDE NES FR,1,INP,OUT,T,,Target,2748,HIDES & SKINS,
,1214,HIDE WS,1,INP,OUT,B,,,,,
,1215,HIDE DS,1,,OUT,B,,,,,
+,1216,HIDE NES,1,,,XXX,,Target,,,
+,1217,LEATHER USED,1,,,XXX,,Target,,,
+,1218,HAIR FINE,1,,,XXX,,Target,,,
+,1219,HAIR COARSE,1,,OUT,T,,Target,,,
,1221,STEARINE,1,,OUT,B,,,,,
,1222,DEGRAS,1,,,XXX,,Target,2737,"FATS, ANIMALS, RAW",
,1223,OILS FISH,0,,,XXX,,,,,
,1225,TALLOW,1,INP,OUT,B,,,,,
+,1232,FOOD PREP,1,,OUT,T,,Target,,,
,1241,LIQUID MARG,1,,OUT,B,,,,,
,1242,MARGARINE,1,,OUT,B,,,,,
,1243,FATS PREP NS,1,INP,OUT,B,,,,,
+,1259,FOOD WASTES,1,,,XXX,,Target,,,
+,1267,AG-IND BYPRD,1,,,XXX,,Target,,,
,1273,CASTOR OIL H,1,,OUT,XXX,,,,,
,1274,OILS BOILED,1,,OUT,B,,,,,
,1275,OILS HYDROGN,1,INP,OUT,B,,,,,
,1276,FATTY ACIDS,1,,OUT,B,,,,,
,1277,RES FATTY S,1,,OUT,B,,,,,
+,1291,ARABIC GUM,1,,,XXX,,Target,,,
+,1292,OTHER RESINS,1,,,XXX,,Target,,,
+,1293,ORG MAT 29,1,,,XXX,,Target,,,
+,1294,SEEDS,1,,,XXX,,Target,,,
+,1295,SPERMACETI,1,,,XXX,,Target,,,
+,1296,WAXES VEG,1,,,XXX,,Target,,,
,1501,FRWTR DIAD F,1,INP,,T,,Target,2761,FRESHWATER FISH & PROD.,
,1502,FRWTR FZ WHL,1,INP,OUT,B,,,,,
,1503,FRWTR FILLET,1,,OUT,B,,,,,
,1504,FRWTR FZ FLT,1,,OUT,B,,,,,
,1505,FRWTR CURED,1,,OUT,B,,,,,
,1506,FRWTR CANNED,1,,OUT,B,,,,,
,1507,FRWTR PR NES,1,,OUT,B,,,,,
,1508,FRWTR MEALS,1,,OUT,B,,,,,
,1509,FRWT BDY OIL,1,,,XXX,,Target,2781,FISH BODY OIL,
,1510,FRWT LVR OIL,1,,,XXX,,Target,2782,FISH LIVER OIL,
,1511,FRWT MEAL OF,1,,,XXX,,Target,2855,FISH MEAL,
,1512,FRESH WATER D,0,,,XXX,,,,,
,1513,FRESH WATER F,0,,,XXX,,,,,
,1514,DMRSL FRESH,1,INP,,T,,Target,2762,DEMERSEAL FISH & PROD.,
,1515,DMRSL FZ WHL,1,INP,OUT,B,,,,,
,1516,DMRSL FILLET,1,,OUT,B,,,,,
,1517,DMRSL FZ FLT,1,INP,OUT,B,,,,,
,1518,DMRSL CURED,1,,OUT,B,,,,,
,1519,DMRSL CANNED,1,,OUT,B,,,,,
,1520,DMRSL PR NES,1,,OUT,B,,,,,
,1521,DMRSL MEALS,1,,OUT,B,,,,,
,1522,DMRS BDY OIL,1,INP,,T,,Target,2781,FISH BODY OIL,
,1523,DMRS LVR OIL,1,INP,,T,,Target,2782,FISH LIVER OIL,
,1524,DMRS MEAL OF,1,,,XXX,,Target,2855,FISH MEAL,
,1525,DEMRSL FISH,0,,,XXX,,,,,
,1526,DEMERSL FISH,0,,,XXX,,,,,
,1527,PELAGIC FRSH,1,INP,,T,,Target,2763,PELAGIC FISH & PRODUCTS,
,1528,PELGC FZ WHL,1,INP,OUT,B,,,,,
,1529,PELGC FILLET,1,,OUT,B,,,,,
,1530,PELGC FZ FLT,1,INP,OUT,B,,,,,
,1531,PELGC CURED,1,,OUT,B,,,,,
,1532,PELGC CANNED,1,,OUT,B,,,,,
,1533,PELGC PR NES,1,,OUT,B,,,,,
,1534,PELGC MEALS,1,,OUT,B,,,,,
,1535,PELG BDY OIL,1,INP,,T,,Target,2781,FISH BODY OIL,
,1536,PELG LVR OIL,1,INP,,T,,Target,2782,FISH LIVER OIL,
,1537,PELG MEAL OF,1,,,XXX,,Target,2855,FISH MEAL,
,1538,SMALL PELGC,0,,,XXX,,,,,
,1539,SMALL PELGC,0,,,XXX,,,,,
,1540,  MARINE NES F,1,INP,,T,,Target,2764,"MARINE FISH, OTH & PROD",
,1541,MARIN FZ WHL,1,INP,OUT,B,,,,,
,1542,MARIN FILLET,1,,OUT,B,,,,,
,1543,MARIN FZ FLT,1,INP,OUT,B,,,,,
,1544,MARIN CURED,1,,OUT,B,,,,,
,1545,MARIN CANNED,1,,OUT,B,,,,,
,1546,MARIN PR NES,1,,OUT,B,,,,,
,1547,MARIN MEALS,1,,OUT,B,,,,,
,1548,MARN BDY OIL,1,,,XXX,,Target,2781,FISH BODY OIL,
,1549,MARN LVR OIL,1,,,XXX,,Target,2782,FISH LIVER OIL,
,1550,MARN MEAL OF,1,,,XXX,,Target,2855,FISH MEAL,
,1551,MARINE FISH,0,,,XXX,,,,,
,1552,MARINE FISH,0,,,XXX,,,,,
,1553,CRSTACEANS F,1,INP,,T,,Target,2765,CRUSTACEANS & PRODUCTS,
,1554,CRSTC FROZEN,1,INP,OUT,B,,,,,
,1555,CRSTC CURED,1,,OUT,B,,,,,
,1556,CRSTC CANNED,1,,OUT,B,,,,,
,1557,CRSTC PR NES,1,,OUT,B,,,,,
,1558,CRSTC MEALS,1,,OUT,B,,,,,
,1559,CRST MEAL OF,1,,,XXX,,Target,2855,FISH MEAL,
,1560,MARINE FISH,0,,,XXX,,,,,
,1561,MARINE FISH,0,,,XXX,,,,,
,1562,MLLUSCS FRSH,1,INP,,T,,Target,w=0,MOLLUSCS OTHER &PRODUCTS,
,1563,MOLSC FROZEN,1,INP,OUT,B,,,,,
,1564,MOLSC CURED,1,,OUT,B,,,,,
,1565,MOLSC CANNED,1,,OUT,B,,,,,
,1566,MOLSC MEALS,1,,OUT,B,,,,,
,1567,MOLS MEAL OF,1,,,XXX,,Target,2855,FISH MEAL,
,1568,MOLLUSCS SCH,0,,,XXX,,,,,
,1569,MARINE FISH,0,,,XXX,,,,,
,1570,CEPHLP FRESH,1,INP,,T,,Target,2766,CEPHALOPODS & PRODUCTS,
,1571,CPHLP FROZEN,1,,OUT,B,,,,,
,1572,CPHLP CURED,1,,OUT,B,,,,,
,1573,CPHLP CANNED,1,,OUT,B,,,,,
,1574,CPHLP PR NES,1,,OUT,B,,,,,
,1575,CPHLP MEALS,1,,OUT,B,,,,,
,1576,CPHL MEAL OF,1,,,XXX,,Target,2855,FISH MEAL,
,1577,SMALL PELGC,0,,,XXX,,,,,
,1578,MARINE FISH,0,,,XXX,,,,,
+,1579,AQUTC MAMMAL,1,,,XXX,,Target,,,
,1580,AQ M MEAT,1,,OUT,T,,Target,2768,AQUATIC MAMMALS MEAT,
,1581,AQ M MEALS,1,,OUT,T,,Target,2855,FISH MEAL,
,1582,AQ M OILS,1,INP,OUT,T,,Target,2781,FISH BODY OIL,
,1583,AQ M PREP NS,1,,OUT,T,,Target,2768,AQUATIC MAMMALS MEAT,
,1584,AQ M MEAL OF,1,,OUT,T,,Target,2855,FISH MEAL,
,1585,FRESHWATER F,0,,,XXX,,,,,
,1586,FRESHWATER F,0,,,XXX,,,,,
,1587,AQUTC ANIM F,1,INP,,T,,Target,2769,AQUATIC ANIMAL OTHERS,
,1588,AQ A CURED,1,,OUT,B,,,,,
,1589,AQ A MEALS,1,,OUT,B,,,,,
,1590,AQ A PREP NS,1,,OUT,B,,,,,
,1591,AQ A MEAL OF,1,,,XXX,,Target,2855,FISH MEAL,
,1592,MOLLUSCS LIV,0,,,XXX,,,,,
,1593,KRILL,0,,,XXX,,,,,
,1594,AQUTC PLANTS,1,INP,,T,,Target,2775,AQUATIC PLANTS & PROD.,
,1595,AQ P DRIED,1,,OUT,B,,,,,
,1596,AQ P PREP NS,1,,OUT,B,,,,,
,1597,SMALL PELGC,0,,,XXX,,,,,
,1598,GUANO,0,,,XXX,,,,,
,1599,FISH TOT VAL,0,,,XXX,,,,,
